image_width: 640
image_height: 480
camera_name: raspicam
camera_matrix:
  rows: 3
  cols: 3
  data: [622.1186792662149, 0, 310.8370932933131, 0, 619.0672238580229, 241.0729530854648, 0, 0, 1]
distortion_model: plumb_bob
distortion_coefficients:
  rows: 1
  cols: 5
  data: [0.140070689466042, -0.4886376584216698, 0.01260624399387807, 0.002433510436640581, 0]
rectification_matrix:
  rows: 3
  cols: 3
  data: [1, 0, 0, 0, 1, 0, 0, 0, 1]
projection_matrix:
  rows: 3
  cols: 4
  data: [616.0846862792969, 0, 311.2100527161192, 0, 0, 617.6237945556641, 245.7570567594089, 0, 0, 0, 1, 0]
