image_width: 320
image_height: 240
camera_name: raspicam
camera_matrix:
  rows: 3
  cols: 3
  data: [315.8554656095853, 0, 164.7689059184128, 0, 315.7179355891437, 111.6302359917342, 0, 0, 1]
distortion_model: plumb_bob
distortion_coefficients:
  rows: 1
  cols: 5
  data: [0.1779138078412225, -0.5891366892387021, -0.005685845547255814, 0.01426107935877086, 0]
rectification_matrix:
  rows: 3
  cols: 3
  data: [1, 0, 0, 0, 1, 0, 0, 0, 1]
projection_matrix:
  rows: 3
  cols: 4
  data: [317.1808166503906, 0, 168.786552284857, 0, 0, 321.2664184570312, 110.6596615369454, 0, 0, 0, 1, 0]